ImageName,BottomHeightY,TopHeightY,ContaminationHeight
H6EX10_S_PLC_SPC_Full_Upload_01.png,0,0,0
H6EX10_S_PLC_SPC_Upload_01.png,544,633,89
H6EX12_S_PLC_SPC_Full_Upload_01.png,565,587,22
H6EX12_S_PLC_SPC_Upload_01.png,567,600,33
H6EX15_S_PLC_SPC_Full_Upload_01.png,0,0,0
H6EX17_S_PLC_SPC_Full_Upload_01.png,0,0,0
H6EX17_S_PLC_SPC_Upload_01.png,583,684,101
H6EX17_S_PLC_SPC_Upload_02.png,567,641,74
H6EX17_S_PLC_SPC_Upload_03.png,500,585,85
H6EX20_S_PLC_SPC_Full_Upload_01.png,572,594,22
H6EX20_S_PLC_SPC_Full_Upload_02.png,556,582,26
H6EX20_S_PLC_SPC_Upload_01.png,541,670,129
H6EX20_S_PLC_SPC_Upload_02.png,431,579,148
H6EX25_S_PLC_SPC_Full_Upload_02.png,0,0,0
H6EX29_S_PLC_SPC_Full_Upload_01.png,0,0,0
H6EX30_S_PLC_SPC_Full_Upload_01.png,0,0,0
H6EX30_S_PLC_SPC_Full_Upload_02.png,575,589,14
H6EX30_S_PLC_SPC_Upload_01.png,533,593,60
H6EX31_S_PLC_SPC_Full_Upload_01.png,489,525,36
H6EX31_S_PLC_SPC_Full_Upload_02.png,515,559,44
H6EX31_S_PLC_SPC_Upload_01.png,574,602,28
H6EX31_S_PLC_SPC_Upload_02.png,567,592,25
H6EX35_S_PLC_SPC_Full_Upload_01.png,0,0,0
H6EX35_S_PLC_SPC_Upload_01.png,0,0,0
H6EX36_S_PLC_SPC_Full_Upload_01.png,550,615,65
H6EX36_S_PLC_SPC_Full_Upload_02.png,0,0,0
H6EX36_S_PLC_SPC_Upload_01.png,499,591,92
H6EX36_S_PLC_SPC_Upload_02.png,569,617,48
H6EX39_S_PLC_SPC_Full_Upload_01.png,0,0,0
H6EX39_S_PLC_SPC_Upload_01.png,524,563,39
H6EX39_S_PLC_SPC_Upload_02.png,0,0,0
H6EX41_S_PLC_SPC_Full_Upload_Clear_01.png,0,0,0
H6EX41_S_PLC_SPC_Upload_Clear_01.png,0,0,0
H6EX42_S_PLC_SPC_Full_Upload_01.png,0,0,0
H6EX42_S_PLC_SPC_Full_Upload_02.png,0,0,0
H6EX42_S_PLC_SPC_Full_Upload_Clear_02.png,0,0,0
H6EX42_S_PLC_SPC_Upload_01.png,627,711,84
H6EX43_S_PLC_SPC_Full_Upload_Clear_01.png,0,0,0
H6EX43_S_PLC_SPC_Upload_Clear_02.png,549,615,66
H6EX45_S_PLC_SPC_Full_Upload_Clear_01.png,0,0,0
H6EX45_S_PLC_SPC_Full_Upload_Clear_02.png,0,0,0
H6EX45_S_PLC_SPC_Upload_Clear_01.png,549,611,62
H6EX45_S_PLC_SPC_Upload_Clear_02.png,0,0,0
H6EX45_S_PLC_SPC_Upload_Clear_03.png,0,0,0
H6EX46_S_PLC_SPC_Full_Upload_Clear_01.png,0,0,0
H6EX46_S_PLC_SPC_Upload_Clear_01.png,628,662,34
H6EX47_S_PLC_SPC_Full_Upload_Clear_01.png,0,0,0
H6EX47_S_PLC_SPC_Full_Upload_Clear_02.png,0,0,0
H6EX47_S_PLC_SPC_Upload_Clear_01.png,575,617,42
H6EX49_S_PLC_SPC_Full_Upload_01.png,0,0,0
H6EX49_S_PLC_SPC_Full_Upload_Clear_01.png,0,0,0
H6EX49_S_PLC_SPC_Upload_01.png,487,590,103
H6EX49_S_PLC_SPC_Upload_Clear_01.png,486,588,102
H6EX4_S_PLC_SPC_Full_Upload_01.png,0,0,0
H6EX50_S_PLC_SPC_Full_Upload_01.png,0,0,0
H6EX50_S_PLC_SPC_Full_Upload_Clear_01.png,0,0,0
H6EX50_S_PLC_SPC_Upload_01.png,580,606,26
H6EX50_S_PLC_SPC_Upload_02.png,0,0,0
H6EX50_S_PLC_SPC_Upload_Clear_01.png,576,609,33
H6EX50_S_PLC_SPC_Upload_Clear_02.png,0,0,0
H6EX52_S_PLC_SPC_Full_Upload_01.png,583,602,19
H6EX52_S_PLC_SPC_Full_Upload_Clear_01.png,582,606,24
H6EX52_S_PLC_SPC_Upload_02.png,0,0,0
H6EX52_S_PLC_SPC_Upload_Clear_01.png,557,604,47
H6EX52_S_PLC_SPC_Upload_Clear_02.png,0,0,0
H6EX53_S_PLC_SPC_Full_Upload_Clear_01.png,587,638,51
H6EX53_S_PLC_SPC_Full_Upload_Clear_02.png,0,0,0
H6EX53_S_PLC_SPC_Upload_Clear_01.png,546,596,50
H6EX53_S_PLC_SPC_Upload_Clear_02.png,581,611,30
H6EX54_S_PLC_SPC_Full_Upload_Clear_01.png,0,0,0
H6EX54_S_PLC_SPC_Upload_01.png,0,0,0
H6EX54_S_PLC_SPC_Upload_Clear_01.png,0,0,0
H6EX56_S_PLC_SPC_Full_Upload_01.png,0,0,0
H6EX56_S_PLC_SPC_Upload_01.png,488,609,121
H6EX56_S_PLC_SPC_Upload_02.png,0,0,0
H6EX58_S_PLC_SPC_Full_Upload_Clear_01.png,0,0,0
H6EX58_S_PLC_SPC_Upload_01.png,504,566,62
H6EX58_S_PLC_SPC_Upload_Clear_01.png,503,561,58
H6EX6_S_PLC_SPC_Full_Upload_02.png,0,0,0
H6EX6_S_PLC_SPC_Upload_01.png,415,569,154
H6EX6_S_PLC_SPC_Upload_02.png,0,0,0
H6EX8_S_PLC_SPC_Full_Upload_01.png,596,628,32
H6EX8_S_PLC_SPC_Upload_01.png,436,598,162
HCX313v_S_PLC_SPC_Upload_01.png,504,531,27
HCX313v_S_PLC_SPC_Upload_02.png,559,583,24
HCX335v_S_PLC_SPC_Full_Upload_Clear_01.png,569,587,18
HCX335v_S_PLC_SPC_Full_Upload_Clear_02.png,0,0,0
HCX338v_S_PLC_SPC_Full_Upload_Clear_01.png,0,0,0
HCX338v_S_PLC_SPC_Full_Upload_Clear_02.png,0,0,0
HCX338v_S_PLC_SPC_Upload_Clear_01.png,591,642,51
HCX338v_S_PLC_SPC_Upload_Clear_02.png,0,0,0
HCX339v_S_PLC_SPC_Full_Upload_Clear_01.png,549,593,44
HCX339v_S_PLC_SPC_Upload_Clear_02.png,0,0,0
HCX340v_S_PLC_SPC_Full_Upload_Clear_01.png,0,0,0
HCX340v_S_PLC_SPC_Upload_Clear_01.png,396,458,62
HCX341_S_PLC_SPC_Upload_Clear_01.png,0,0,0
HCX342_S_PLC_SPC_Upload_Clear_01.png,535,581,46
HCX342_S_PLC_SPC_Upload_Clear_02.png,0,0,0
HCX343_S_PLC_SPC_Full_Upload_Clear_01.png,0,0,0
HCX343_S_PLC_SPC_Upload_01.png,0,0,0
HCX343_S_PLC_SPC_Upload_Clear_01.png,0,0,0
HCX344_S_PLC_SPC_Full_Upload_Clear_01.png,0,0,0
HCX344_S_PLC_SPC_Upload_Clear_01.png,515,569,54
HCX345_S_PLC_SPC_Full_Upload_Clear_01.png,0,0,0
HCX345_S_PLC_SPC_Full_Upload_Clear_02.png,0,0,0
HCX345_S_PLC_SPC_Upload_Clear_01.png,517,582,65
HCX345_S_PLC_SPC_Upload_Clear_02.png,0,0,0
HCX346_S_PLC_SPC_Upload_Clear_01.png,519,605,86
HCX347_S_PLC_SPC_Full_Upload_Clear_01.png,0,0,0
HCX347_S_PLC_SPC_Upload_Clear_01.png,0,0,0
HCX348_S_PLC_SPC_Full_Upload_Clear_01.png,568,604,36
HCX348_S_PLC_SPC_Upload_Clear_01.png,0,0,0
HCX348_S_PLC_SPC_Upload_Clear_02.png,519,573,54
HCX348_S_PLC_SPC_Upload_Clear_03.png,0,0,0
HCX348_S_PLC_SPC_Upload_Clear_04.png,0,0,0
HCX349_S_PLC_SPC_Full_Upload_Clear_01.png,569,589,20
HCX349_S_PLC_SPC_Full_Upload_Clear_02.png,0,0,0
HCX349_S_PLC_SPC_Upload_Clear_01.png,557,596,39
HCX349_S_PLC_SPC_Upload_Clear_02.png,0,0,0
HCX350_S_PLC_SPC_Full_Upload_Clear_01.png,0,0,0
HCX350_S_PLC_SPC_Upload_Clear_02.png,549,639,90
HCX352_S_PLC_SPC_Full_Upload_Clear_01.png,429,574,145
HCX352_S_PLC_SPC_Full_Upload_Clear_02.png,538,592,54
HCX352_S_PLC_SPC_Upload_Clear_01.png,483,598,115
HCX353_S_PLC_SPC_Full_Upload_Clear_01.png,574,596,22
HCX353_S_PLC_SPC_Upload_Clear_01.png,495,605,110
HCX353_S_PLC_SPC_Upload_Clear_02.png,560,603,43
HCX354_S_PLC_SPC_Full_Upload_Clear_01.png,0,0,0
HCX354_S_PLC_SPC_Upload_Clear_01.png,605,647,42
HCX354_S_PLC_SPC_Upload_Clear_02.png,0,0,0
HCX355_S_PLC_SPC_Full_Upload_Clear_01.png,0,0,0
HCX356_S_PLC_SPC_Full_Upload_Clear_01.png,453,560,107
HCX356_S_PLC_SPC_Full_Upload_Clear_02.png,548,592,44
HCX356_S_PLC_SPC_Full_Upload_Clear_03.png,566,582,16
HCX356_S_PLC_SPC_Upload_Clear_01.png,411,589,178
HCX356_S_PLC_SPC_Upload_Clear_02.png,558,587,29
HEG102_S_LogContaminationUpload2.png,0,0,0
HEG102_S_LongTermContaminationUpload.png,0,0,0
HEG105_S_LogContaminationUpload1.png,0,0,0
HEG105_S_LongTermContaminationUpload.png,0,0,0
HEG10_S_LongTermContaminationUpload.png,537,564,27
HEG111_S_LogContaminationUpload1.png,624,664,40
HEG111_S_LogContaminationUpload3.png,0,0,0
HEG111_S_LongTermContaminationUpload.png,0,0,0
HEG122_S_LogContaminationUpload1.png,566,620,54
HEG122_S_LogContaminationUpload2.png,0,0,0
HEG122_S_LogContaminationUpload5.png,555,588,33
HEG122_S_LongTermContaminationUpload.png,555,585,30
HEG125_S_LogContaminationUpload1.png,0,0,0
HEG125_S_LogContaminationUpload2.png,625,670,45
HEG129_S_LogContaminationUpload1.png,589,651,62
HEG129_S_LogContaminationUpload2.png,602,643,41
HEG29_S_LogContaminationUpload2.png,492,568,76
HEG29_S_LogContaminationUpload4.png,534,571,37
HEG29_S_LongTermContaminationUpload.png,535,570,35
HEG43_S_LogContaminationUpload3.png,488,509,21
HEG43_S_LogContaminationUpload4.png,514,546,32
HEG56_S_LogContaminationUpload1.png,590,646,56
HEG56_S_LogContaminationUpload2.png,0,0,0
HEG56_S_LongTermContaminationUpload.png,0,0,0
HEG57_S_LogContaminationUpload1.png,528,623,95
HEG59_S_LogContaminationUpload1.png,570,618,48
HEG65_S_LogContaminationUpload1.png,545,646,101
HEG65_S_LogContaminationUpload4.png,0,0,0
HEG65_S_LongTermContaminationUpload.png,0,0,0
HEG69_S_LogContaminationUpload1.png,469,587,118
HEG69_S_LongTermContaminationUpload.png,0,0,0
HEG75_S_LogContaminationUpload4.png,565,606,41
HEG75_S_LogContaminationUpload5.png,576,598,22
HEG79_S_LogContaminationUpload1.png,532,624,92
HEG79_S_LogContaminationUpload2.png,586,628,42
HEG79_S_LogContaminationUpload3.png,548,610,62
HEG79_S_LongTermContaminationUpload.png,604,620,16
HEG86_S_LogContaminationUpload1.png,507,551,44
HEG86_S_LogContaminationUpload2.png,0,0,0
HEG86_S_LogContaminationUpload3.png,0,0,0
HEG86_S_LongTermContaminationUpload.png,0,0,0
HEG91_S_LongTermContaminationUpload.png,583,614,31
HEG93_S_LogContaminationUpload1.png,497,615,118
HEG93_S_LogContaminationUpload2.png,591,672,81
HEG93_S_LogContaminationUpload3.png,562,624,62
HEG93_S_LogContaminationUpload4.png,0,0,0
HEG93_S_LogContaminationUpload5.png,550,609,59
HEG93_S_LogContaminationUpload6.png,626,641,15
HEG93_S_LongTermContaminationUpload.png,626,640,14
HEG94_S_LogContaminationUpload1.png,475,587,112
HEG94_S_LogContaminationUpload3.png,0,0,0
HEG94_S_LongTermContaminationUpload.png,0,0,0
HEG95_S_LogContaminationUpload1.png,531,586,55
HEG95_S_LogContaminationUpload2.png,520,612,92
HEG95_S_LogContaminationUpload3.png,501,596,95
HEG95_S_LogContaminationUpload4.png,564,635,71
HEX417v_S_PLC_SPC_Full_Upload_01.png,0,0,0
HEX417v_S_PLC_SPC_Upload_01.png,438,481,43
HEX420v_S_PLC_SPC_Full_Upload_02.png,572,599,27
HEX421v_S_PLC_SPC_Full_Upload_01.png,0,0,0
HEX427v_S_PLC_SPC_Full_Upload_01.png,0,0,0
HEX427v_S_PLC_SPC_Upload_02.png,652,677,25
HEX434v_S_PLC_SPC_Full_Upload_01.png,571,593,22
HEX437v_S_PLC_SPC_Full_Upload_01.png,0,0,0
HEX437v_S_PLC_SPC_Upload_01.png,491,559,68
HEX438v_S_PLC_SPC_Full_Upload_01.png,378,445,67
HEX441v_S_PLC_SPC_Full_Upload_01.png,582,600,18
HEX441v_S_PLC_SPC_Full_Upload_02.png,0,0,0
HEX441v_S_PLC_SPC_Upload_01.png,516,595,79
HEX441v_S_PLC_SPC_Upload_02.png,547,600,53
HEX441v_S_PLC_SPC_Upload_03.png,517,541,24
HEX443v_S_PLC_SPC_Full_Upload_01.png,0,0,0
HEX445v_S_PLC_SPC_Full_Upload_01.png,605,636,31
HEX445v_S_PLC_SPC_Full_Upload_02.png,0,0,0
HEX447v_S_PLC_SPC_Full_Upload_Clear_01.png,0,0,0
HEX447v_S_PLC_SPC_Upload_Clear_02.png,0,0,0
HEX449v_S_PLC_SPC_Full_Upload_01.png,0,0,0
HEX449v_S_PLC_SPC_Upload_01.png,544,643,99
HEX449v_S_PLC_SPC_Upload_02.png,580,602,22
HEX450v_S_PLC_SPC_Full_Upload_02.png,0,0,0
HEX452v_S_PLC_SPC_Full_Upload_Clear_01.png,0,0,0
HEX453v_S_PLC_SPC_Full_Upload_Clear_01.png,0,0,0
HEX453v_S_PLC_SPC_Upload_Clear_02.png,600,673,73
HEX453v_S_PLC_SPC_Upload_Clear_03.png,0,0,0
HEX454v_S_PLC_SPC_Upload_Clear_02.png,0,0,0
HEX455v_S_PLC_SPC_Full_Upload_Clear_01.png,0,0,0
HEX455v_S_PLC_SPC_Full_Upload_Clear_02.png,0,0,0
HEX455v_S_PLC_SPC_Upload_Clear_02.png,523,589,66
HEX456v_S_PLC_SPC_Full_Upload_01.png,0,0,0
HEX456v_S_PLC_SPC_Full_Upload_Clear_01.png,0,0,0
HEX456v_S_PLC_SPC_Upload_Clear_01.png,498,584,86
HEX457v_S_PLC_SPC_Full_Upload_Clear_01.png,0,0,0
HEX457v_S_PLC_SPC_Full_Upload_Clear_02.png,0,0,0
HEX457v_S_PLC_SPC_Upload_Clear_01.png,515,597,82
HEX457v_S_PLC_SPC_Upload_Clear_02.png,576,648,72
HEX457v_S_PLC_SPC_Upload_Clear_03.png,565,613,48
HEX458v_S_PLC_SPC_Full_Upload_01.png,525,611,86
HEX458v_S_PLC_SPC_Full_Upload_Clear_01.png,524,611,87
HEX458v_S_PLC_SPC_Upload_01.png,528,681,153
HEX458v_S_PLC_SPC_Upload_Clear_02.png,556,621,65
HEX458v_S_PLC_SPC_Upload_Clear_03.png,569,608,39
HEX459v_S_PLC_SPC_Full_Upload_01.png,0,0,0
HEX459v_S_PLC_SPC_Full_Upload_02.png,0,0,0
HEX459v_S_PLC_SPC_Full_Upload_Clear_02.png,0,0,0
HEX459v_S_PLC_SPC_Upload_01.png,496,589,93
HEX461v_S_PLC_SPC_Full_Upload_Clear_01.png,0,0,0
HEX461v_S_PLC_SPC_Full_Upload_Clear_02.png,0,0,0
HEX461v_S_PLC_SPC_Upload_Clear_01.png,612,696,84
HEX461v_S_PLC_SPC_Upload_Clear_02.png,0,0,0
HEX462v_S_PLC_SPC_Full_Upload_Clear_01.png,0,0,0
HEX463v_S_PLC_SPC_Full_Upload_Clear_01.png,546,609,63
HEX463v_S_PLC_SPC_Full_Upload_Clear_02.png,0,0,0
HEX463v_S_PLC_SPC_Upload_Clear_01.png,544,583,39
HEX464v_S_PLC_SPC_Full_Upload_Clear_01.png,0,0,0
HEX464v_S_PLC_SPC_Upload_Clear_02.png,631,753,122
HEX465v_S_PLC_SPC_Upload_Clear_01.png,477,536,59
HEX465v_S_PLC_SPC_Upload_Clear_02.png,567,612,45
HEX466v_S_PLC_SPC_Full_Upload_Clear_01.png,0,0,0
HEX467_S_PLC_SPC_Upload_Clear_01.png,504,556,52
HEX468v_S_PLC_SPC_Full_Upload_Clear_01.png,574,586,12
HEX468v_S_PLC_SPC_Full_Upload_Clear_02.png,0,0,0
HEX468v_S_PLC_SPC_Upload_Clear_01.png,573,592,19
HEX469v_S_PLC_SPC_Full_Upload_Clear_01.png,0,0,0
HEX469v_S_PLC_SPC_Upload_Clear_01.png,532,606,74
HEX470v_S_PLC_SPC_Full_Upload_Clear_01.png,610,644,34
HEX470v_S_PLC_SPC_Full_Upload_Clear_02.png,601,621,20
HEX470v_S_PLC_SPC_Upload_Clear_01.png,661,696,35
HEX470v_S_PLC_SPC_Upload_Clear_02.png,0,0,0
HEX472_S_PLC_SPC_Full_Upload_Clear_01.png,527,548,21
HEX472_S_PLC_SPC_Upload_Clear_01.png,378,439,61
HEX472_S_PLC_SPC_Upload_Clear_02.png,0,0,0
HEX474_S_PLC_SPC_Full_Upload_Clear_01.png,0,0,0
HEX474_S_PLC_SPC_Upload_Clear_01.png,563,627,64
HEX480_S_PLC_SPC_Full_Upload_Clear_01.png,538,597,59
HEX480_S_PLC_SPC_Full_Upload_Clear_02.png,571,588,17
HEX480_S_PLC_SPC_Upload_Clear_01.png,539,608,69
HEX482_S_PLC_SPC_Full_Upload_Clear_01.png,657,699,42
HEX482_S_PLC_SPC_Full_Upload_Clear_02.png,0,0,0
HEX482_S_PLC_SPC_Upload_Clear_01.png,564,583,19
HEX482_S_PLC_SPC_Upload_Clear_02.png,0,0,0
HEX483_S_PLC_SPC_Upload_Clear_01.png,534,549,15
HEX486_S_PLC_SPC_Full_Upload_Clear_01.png,0,0,0
HEX486_S_PLC_SPC_Upload_Clear_01.png,508,589,81
HEX488_S_PLC_SPC_Full_Upload_Clear_01.png,555,594,39
HEX488_S_PLC_SPC_Full_Upload_Clear_02.png,552,581,29
HEX488_S_PLC_SPC_Full_Upload_Clear_03.png,624,656,32
HEX488_S_PLC_SPC_Upload_Clear_01.png,632,691,59
HEX489_S_PLC_SPC_Full_Upload_Clear_01.png,0,0,0
HEX489_S_PLC_SPC_Full_Upload_Clear_02.png,0,0,0
HEX489_S_PLC_SPC_Upload_Clear_01.png,549,621,72
HEX490_S_PLC_SPC_Full_Upload_Clear_01.png,0,0,0
HEX490_S_PLC_SPC_Upload_Clear_01.png,476,569,93
HEX494_S_PLC_SPC_Full_Upload_Clear_01.png,533,586,53
HEX494_S_PLC_SPC_Full_Upload_Clear_02.png,0,0,0
HEX494_S_PLC_SPC_Upload_Clear_01.png,630,678,48
HEX500_S_PLC_SPC_Full_Upload_Clear_01.png,565,584,19
HEX500_S_PLC_SPC_Full_Upload_Clear_02.png,597,614,17
HEX500_S_PLC_SPC_Upload_Clear_01.png,535,603,68
HPX41v_S_PLC_SPC_Upload_Clear_01.png,592,681,89
HPX41v_S_PLC_SPC_Upload_Clear_02.png,415,459,44
HPX42_S_PLC_SPC_Full_Upload_Clear_01.png,0,0,0
HPX42_S_PLC_SPC_Upload_Clear_01.png,562,608,46
HPX42_S_PLC_SPC_Upload_Clear_02.png,553,594,41
HPX43_S_PLC_SPC_Upload_Clear_01.png,528,606,78
HPX43_S_PLC_SPC_Upload_Clear_02.png,0,0,0
HUX159v_S_PLC_SPC_Full_Upload_01.png,0,0,0
HUX159v_S_PLC_SPC_Full_Upload_02.png,0,0,0
HUX159v_S_PLC_SPC_Upload_02.png,0,0,0
HUX181v_S_PLC_SPC_Full_Upload_Clear_01.png,538,605,67
HUX181v_S_PLC_SPC_Full_Upload_Clear_02.png,0,0,0
HUX181v_S_PLC_SPC_Upload_Clear_01.png,463,606,143
HUX181v_S_PLC_SPC_Upload_Clear_02.png,580,611,31
HUX181v_S_PLC_SPC_Upload_Clear_03.png,0,0,0
HUX182v_S_PLC_SPC_Full_Upload_Clear_01.png,0,0,0
HUX182v_S_PLC_SPC_Upload_Clear_03.png,0,0,0
HUX183v_S_PLC_SPC_Full_Upload_Clear_01.png,486,589,103
HUX183v_S_PLC_SPC_Full_Upload_Clear_02.png,0,0,0
HUX184v_S_PLC_SPC_Full_Upload_Clear_01.png,0,0,0
HUX185v_S_PLC_SPC_Full_Upload_Clear_01.png,0,0,0
HUX185v_S_PLC_SPC_Upload_Clear_01.png,345,487,142
HUX185v_S_PLC_SPC_Upload_Clear_02.png,538,601,63
HUX185v_S_PLC_SPC_Upload_Clear_03.png,588,617,29
HUX186v_S_PLC_SPC_Full_Upload_Clear_01.png,470,577,107
HUX186v_S_PLC_SPC_Full_Upload_Clear_02.png,0,0,0
HUX186v_S_PLC_SPC_Upload_Clear_01.png,285,600,315
HUX186v_S_PLC_SPC_Upload_Clear_02.png,487,582,95
HUX188v_S_PLC_SPC_Upload_Clear_01.png,324,628,304
HUX189v_S_PLC_SPC_Full_Upload_Clear_01.png,0,0,0
HUX189v_S_PLC_SPC_Full_Upload_Clear_02.png,0,0,0
HUX189v_S_PLC_SPC_Upload_Clear_01.png,296,602,306
HUX189v_S_PLC_SPC_Upload_Clear_02.png,493,680,187
HUX189v_S_PLC_SPC_Upload_Clear_03.png,0,0,0
HUX190_S_PLC_SPC_Full_Upload_Clear_01.png,0,0,0
HUX190_S_PLC_SPC_Upload_Clear_01.png,0,0,0
HUX190_S_PLC_SPC_Upload_Clear_02.png,364,468,104
HUX191_S_PLC_SPC_Upload_Clear_01.png,270,606,336
HUX192_S_PLC_SPC_Full_Upload_Clear_01.png,0,0,0
HUX192_S_PLC_SPC_Upload_Clear_01.png,563,592,29
HUX193_S_PLC_SPC_Full_Upload_Clear_01.png,0,0,0
HUX193_S_PLC_SPC_Full_Upload_Clear_02.png,0,0,0
HUX193_S_PLC_SPC_Upload_Clear_01.png,443,581,138
HUX194_S_PLC_SPC_Upload_Clear_01.png,501,615,114
HUX195_S_PLC_SPC_Full_Upload_Clear_01.png,578,624,46
HUX195_S_PLC_SPC_Full_Upload_Clear_02.png,0,0,0
HUX195_S_PLC_SPC_Upload_Clear_01.png,508,604,96
HUX195_S_PLC_SPC_Upload_Clear_02.png,539,595,56
HUX196_S_PLC_SPC_Upload_Clear_01.png,501,615,114
HUX197_S_PLC_SPC_Full_Upload_Clear_01.png,564,592,28
HUX197_S_PLC_SPC_Full_Upload_Clear_02.png,0,0,0
HUX197_S_PLC_SPC_Upload_Clear_01.png,469,606,137
HUX197_S_PLC_SPC_Upload_Clear_02.png,0,0,0
HUX198_S_PLC_SPC_Full_Upload_Clear_01.png,0,0,0
HUX198_S_PLC_SPC_Upload_Clear_01.png,549,614,65
HUX198_S_PLC_SPC_Upload_Clear_02.png,567,591,24
HUX199_S_PLC_SPC_Upload_Clear_01.png,484,586,102
HUX200_S_PLC_SPC_Full_Upload_Clear_01.png,578,597,19
HUX200_S_PLC_SPC_Full_Upload_Clear_02.png,538,562,24
HUX200_S_PLC_SPC_Full_Upload_Clear_03.png,0,0,0
HUX200_S_PLC_SPC_Upload_Clear_01.png,665,767,102
HUX200_S_PLC_SPC_Upload_Clear_02.png,0,0,0
HUX200_S_PLC_SPC_Upload_Clear_03.png,564,603,39
HUX201_S_PLC_SPC_Full_Upload_Clear_01.png,533,591,58
HUX201_S_PLC_SPC_Upload_Clear_01.png,547,579,32
HUX201_S_PLC_SPC_Upload_Clear_02.png,519,569,50
HUX202_S_PLC_SPC_Full_Upload_Clear_01.png,568,613,45
HUX202_S_PLC_SPC_Upload_Clear_01.png,409,615,206
HUX202_S_PLC_SPC_Upload_Clear_02.png,503,617,114
HUX207_S_PLC_SPC_Upload_Clear_01.png,384,629,245
HUX207_S_PLC_SPC_Upload_Clear_02.png,546,562,16
HVM108_S_LogContaminationUpload1.png,0,0,0
HVM184_S_LogContaminationUpload3.png,0,0,0
HVM198_S_LongTermContaminationUpload.png,0,0,0
HVX102_S_PLC_SPC_Upload_02.png,594,642,48
HVX117v_S_PLC_SPC_Upload_01.png,0,0,0
HVX124v_S_PLC_SPC_Full_Upload_01.png,449,547,98
HVX124v_S_PLC_SPC_Full_Upload_02.png,0,0,0
HVX124v_S_PLC_SPC_Full_Upload_03.png,0,0,0
HVX124v_S_PLC_SPC_Upload_01.png,497,564,67
HVX142v_S_PLC_SPC_Upload_04.png,0,0,0
HVX144v_S_PLC_SPC_Full_Upload_01.png,0,0,0
HVX146v_S_PLC_SPC_Full_Upload_01.png,562,581,19
HVX155v_S_PLC_SPC_Full_Upload_02.png,0,0,0
HVX156v_S_PLC_SPC_Full_Upload_01.png,0,0,0
HVX156v_S_PLC_SPC_Upload_01.png,539,599,60
HVX159v_S_PLC_SPC_Full_Upload_01.png,0,0,0
HVX159v_S_PLC_SPC_Upload_01.png,559,596,37
HVX159v_S_PLC_SPC_Upload_02.png,561,585,24
HVX159v_S_PLC_SPC_Upload_03.png,0,0,0
HVX161v_S_PLC_SPC_Full_Upload_01.png,0,0,0
HVX162v_S_PLC_SPC_Full_Upload_01.png,0,0,0
HVX164v_S_PLC_SPC_Full_Upload_01.png,505,582,77
HVX164v_S_PLC_SPC_Full_Upload_02.png,609,634,25
HVX166v_S_PLC_SPC_Full_Upload_01.png,0,0,0
HVX166v_S_PLC_SPC_Full_Upload_02.png,0,0,0
HVX167v_S_PLC_SPC_Full_Upload_01.png,0,0,0
HVX167v_S_PLC_SPC_Upload_01.png,556,627,71
HVX176v_S_PLC_SPC_Full_Upload_01.png,0,0,0
HVX176v_S_PLC_SPC_Upload_02.png,519,579,60
HVX187v_S_PLC_SPC_Full_Upload_01.png,0,0,0
HVX187v_S_PLC_SPC_Full_Upload_02.png,0,0,0
HVX187v_S_PLC_SPC_Upload_01.png,517,587,70
HVX187v_S_PLC_SPC_Upload_02.png,0,0,0
HVX191v_S_PLC_SPC_Upload_01.png,480,541,61
HVX193v_S_PLC_SPC_Full_Upload_01.png,572,640,68
HVX193v_S_PLC_SPC_Full_Upload_02.png,0,0,0
HVX193v_S_PLC_SPC_Upload_02.png,0,0,0
HVX194v_S_PLC_SPC_Full_Upload_01.png,548,596,48
HVX194v_S_PLC_SPC_Full_Upload_02.png,0,0,0
HVX200v_S_PLC_SPC_Full_Upload_01.png,0,0,0
HVX200v_S_PLC_SPC_Full_Upload_02.png,0,0,0
HVX200v_S_PLC_SPC_Full_Upload_03.png,0,0,0
HVX200v_S_PLC_SPC_Upload_01.png,546,582,36
HVX201v_S_PLC_SPC_Full_Upload_01.png,579,689,110
HVX201v_S_PLC_SPC_Full_Upload_02.png,562,588,26
HVX201v_S_PLC_SPC_Upload_01.png,549,599,50
HVX201v_S_PLC_SPC_Upload_02.png,443,606,163
HVX206v_S_PLC_SPC_Full_Upload_01.png,0,0,0
HVX206v_S_PLC_SPC_Full_Upload_02.png,0,0,0
HVX206v_S_PLC_SPC_Upload_01.png,553,669,116
HVX206v_S_PLC_SPC_Upload_02.png,551,579,28
HVX213v_S_PLC_SPC_Full_Upload_01.png,0,0,0
HVX213v_S_PLC_SPC_Upload_01.png,463,587,124
HVX213v_S_PLC_SPC_Upload_02.png,459,596,137
HVX214v_S_PLC_SPC_Full_Upload_01.png,567,592,25
HVX214v_S_PLC_SPC_Upload_01.png,554,611,57
HVX214v_S_PLC_SPC_Upload_02.png,517,594,77
HVX214v_S_PLC_SPC_Upload_03.png,557,624,67
HVX221v_S_PLC_SPC_Full_Upload_03.png,574,598,24
HVX221v_S_PLC_SPC_Upload_01.png,504,595,91
HVX221v_S_PLC_SPC_Upload_02.png,469,594,125
HVX225v_S_PLC_SPC_Full_Upload_02.png,569,589,20
HVX225v_S_PLC_SPC_Upload_01.png,569,588,19
HVX228v_S_PLC_SPC_Full_Upload_01.png,611,636,25
HVX228v_S_PLC_SPC_Full_Upload_02.png,570,604,34
HVX231v_S_PLC_SPC_Full_Upload_01.png,0,0,0
HVX231v_S_PLC_SPC_Full_Upload_02.png,0,0,0
HVX231v_S_PLC_SPC_Upload_01.png,0,0,0
HVX231v_S_PLC_SPC_Upload_02.png,582,596,14
HVX234v_S_PLC_SPC_Full_Upload_01.png,545,597,52
HVX234v_S_PLC_SPC_Upload_01.png,504,606,102
HVX234v_S_PLC_SPC_Upload_02.png,554,602,48
HVX234v_S_PLC_SPC_Upload_03.png,573,621,48
HVX240v_S_PLC_SPC_Full_Upload_02.png,0,0,0
HVX254v_S_PLC_SPC_Full_Upload_02.png,557,569,12
HVX255v_S_PLC_SPC_Full_Upload_Clear_02.png,552,592,40
HVX255v_S_PLC_SPC_Upload_Clear_01.png,478,608,130
HVX255v_S_PLC_SPC_Upload_Clear_02.png,480,615,135
HVX257v_S_PLC_SPC_Full_Upload_02.png,568,601,33
HVX258v_S_PLC_SPC_Full_Upload_Clear_01.png,0,0,0
HVX259v_S_PLC_SPC_Full_Upload_Clear_01.png,575,597,22
HVX259v_S_PLC_SPC_Full_Upload_Clear_02.png,601,641,40
HVX259v_S_PLC_SPC_Upload_Clear_02.png,711,767,56
HVX259v_S_PLC_SPC_Upload_Clear_03.png,690,767,77
HVX261v_S_PLC_SPC_Full_Upload_01.png,0,0,0
HVX261v_S_PLC_SPC_Full_Upload_Clear_01.png,0,0,0
HVX262v_S_PLC_SPC_Upload_Clear_01.png,666,745,79
HVX263v_S_PLC_SPC_Full_Upload_01.png,551,569,18
HVX263v_S_PLC_SPC_Full_Upload_Clear_01.png,548,570,22
HVX263v_S_PLC_SPC_Upload_Clear_01.png,570,646,76
HVX263v_S_PLC_SPC_Upload_Clear_02.png,438,703,265
HVX263v_S_PLC_SPC_Upload_Clear_03.png,0,0,0
HVX264v_S_PLC_SPC_Upload_Clear_01.png,564,646,82
HVX265v_S_PLC_SPC_Full_Upload_Clear_01.png,482,653,171
HVX266v_S_PLC_SPC_Full_Upload_Clear_01.png,402,580,178
HVX266v_S_PLC_SPC_Upload_Clear_01.png,317,580,263
HVX267v_S_PLC_SPC_Full_Upload_Clear_01.png,0,0,0
HVX267v_S_PLC_SPC_Upload_Clear_01.png,444,725,281
HVX268v_S_PLC_SPC_Full_Upload_Clear_01.png,599,632,33
HVX268v_S_PLC_SPC_Full_Upload_Clear_02.png,580,622,42
HVX268v_S_PLC_SPC_Upload_01.png,578,631,53
HVX268v_S_PLC_SPC_Upload_Clear_01.png,576,639,63
HVX269_S_PLC_SPC_Full_Upload_01.png,0,0,0
HVX269_S_PLC_SPC_Full_Upload_Clear_01.png,0,0,0
HVX269_S_PLC_SPC_Upload_Clear_01.png,629,698,69
HVX269_S_PLC_SPC_Upload_Clear_02.png,568,612,44
HVX269_S_PLC_SPC_Upload_Clear_03.png,550,619,69
HVX271_S_PLC_SPC_Upload_01.png,545,643,98
HVX271_S_PLC_SPC_Upload_Clear_01.png,544,640,96
HVX272_S_PLC_SPC_Full_Upload_01.png,573,600,27
HVX272_S_PLC_SPC_Full_Upload_02.png,0,0,0
HVX272_S_PLC_SPC_Full_Upload_Clear_01.png,574,599,25
HVX272_S_PLC_SPC_Full_Upload_Clear_02.png,0,0,0
HVX272_S_PLC_SPC_Upload_01.png,293,601,308
HVX272_S_PLC_SPC_Upload_02.png,0,0,0
HVX272_S_PLC_SPC_Upload_Clear_01.png,273,599,326
HVX272_S_PLC_SPC_Upload_Clear_02.png,0,0,0
HVX273_S_PLC_SPC_Full_Upload_Clear_01.png,0,0,0
HVX273_S_PLC_SPC_Upload_Clear_01.png,558,594,36
HVX273_S_PLC_SPC_Upload_Clear_02.png,566,597,31
HVX273_S_PLC_SPC_Upload_Clear_03.png,563,602,39
HVX273_S_PLC_SPC_Upload_Clear_04.png,0,0,0
HVX274_S_PLC_SPC_Full_Upload_Clear_01.png,574,618,44
HVX274_S_PLC_SPC_Full_Upload_Clear_02.png,0,0,0
HVX274_S_PLC_SPC_Upload_01.png,370,586,216
HVX274_S_PLC_SPC_Upload_Clear_01.png,362,585,223
HVX274_S_PLC_SPC_Upload_Clear_02.png,436,501,65
HVX275_S_PLC_SPC_Full_Upload_Clear_01.png,605,643,38
HVX275_S_PLC_SPC_Full_Upload_Clear_02.png,697,727,30
HVX275_S_PLC_SPC_Full_Upload_Clear_03.png,615,628,13
HVX275_S_PLC_SPC_Upload_Clear_01.png,414,525,111
HVX275_S_PLC_SPC_Upload_Clear_02.png,0,0,0
HVX276_S_PLC_SPC_Full_Upload_Clear_01.png,568,594,26
HVX276_S_PLC_SPC_Full_Upload_Clear_02.png,0,0,0
HVX276_S_PLC_SPC_Full_Upload_Clear_03.png,0,0,0
HVX276_S_PLC_SPC_Upload_Clear_01.png,269,489,220
HVX276_S_PLC_SPC_Upload_Clear_02.png,624,663,39
HVX276_S_PLC_SPC_Upload_Clear_03.png,541,570,29
HVX276_S_PLC_SPC_Upload_Clear_04.png,0,0,0
HVX277_S_PLC_SPC_Full_Upload_Clear_01.png,538,568,30
HVX277_S_PLC_SPC_Upload_Clear_01.png,353,549,196
HVX278_S_PLC_SPC_Full_Upload_01.png,0,0,0
HVX278_S_PLC_SPC_Full_Upload_Clear_01.png,0,0,0
HVX278_S_PLC_SPC_Upload_Clear_01.png,574,598,24
HVX279_S_PLC_SPC_Full_Upload_01.png,548,594,46
HVX279_S_PLC_SPC_Full_Upload_Clear_02.png,582,592,10
HVX279_S_PLC_SPC_Upload_01.png,560,662,102
HVX279_S_PLC_SPC_Upload_02.png,588,624,36
HVX279_S_PLC_SPC_Upload_Clear_01.png,560,658,98
HVX279_S_PLC_SPC_Upload_Clear_02.png,586,630,44
HVX280_S_PLC_SPC_Full_Upload_Clear_01.png,504,540,36
HVX280_S_PLC_SPC_Upload_Clear_01.png,583,651,68
HVX280_S_PLC_SPC_Upload_Clear_02.png,517,550,33
HVX281_S_PLC_SPC_Full_Upload_Clear_01.png,0,0,0
HVX281_S_PLC_SPC_Upload_Clear_01.png,619,711,92
HVX281_S_PLC_SPC_Upload_Clear_02.png,543,598,55
HVX282_S_PLC_SPC_Full_Upload_Clear_01.png,409,439,30
HVX282_S_PLC_SPC_Full_Upload_Clear_02.png,0,0,0
HVX282_S_PLC_SPC_Upload_Clear_01.png,436,629,193
HVX282_S_PLC_SPC_Upload_Clear_02.png,483,540,57
HVX283_S_PLC_SPC_Full_Upload_01.png,0,0,0
HVX283_S_PLC_SPC_Full_Upload_Clear_01.png,0,0,0
HVX283_S_PLC_SPC_Upload_01.png,476,710,234
HVX283_S_PLC_SPC_Upload_Clear_01.png,471,708,237
HVX284_S_PLC_SPC_Full_Upload_Clear_01.png,572,633,61
HVX284_S_PLC_SPC_Upload_Clear_01.png,502,570,68
HVX285_S_PLC_SPC_Full_Upload_Clear_01.png,527,553,26
HVX285_S_PLC_SPC_Upload_01.png,549,649,100
HVX285_S_PLC_SPC_Upload_Clear_01.png,548,655,107
HVX286_S_PLC_SPC_Full_Upload_Clear_01.png,470,634,164
HVX286_S_PLC_SPC_Full_Upload_Clear_02.png,559,604,45
HVX286_S_PLC_SPC_Upload_Clear_01.png,467,604,137
HVX287_S_PLC_SPC_Full_Upload_Clear_01.png,511,554,43
HVX287_S_PLC_SPC_Upload_Clear_01.png,0,0,0
HVX288_S_PLC_SPC_Full_Upload_Clear_01.png,564,600,36
HVX288_S_PLC_SPC_Full_Upload_Clear_02.png,0,0,0
HVX288_S_PLC_SPC_Upload_Clear_01.png,704,753,49
HVX288_S_PLC_SPC_Upload_Clear_02.png,566,598,32
HVX289_S_PLC_SPC_Full_Upload_Clear_01.png,0,0,0
HVX289_S_PLC_SPC_Full_Upload_Clear_02.png,0,0,0
HVX289_S_PLC_SPC_Upload_01.png,492,583,91
HVX289_S_PLC_SPC_Upload_Clear_01.png,492,582,90
HVX294_S_PLC_SPC_Upload_Clear_01.png,505,602,97
HVX294_S_PLC_SPC_Upload_Clear_02.png,0,0,0
HVX33_S_PLC_SPC_Full_Upload_01.png,607,640,33
HVX33_S_PLC_SPC_Full_Upload_02.png,588,618,30
HVX33_S_PLC_SPC_Upload_03.png,596,618,22
HVX36_S_PLC_SPC_Full_Upload_01.png,540,602,62
HVX36_S_PLC_SPC_Upload_03.png,540,555,15
HVX42_S_PLC_SPC_Full_Upload_03.png,0,0,0
HVX91_S_PLC_SPC_Full_Upload_01.png,575,606,31
HVX91_S_PLC_SPC_Full_Upload_02.png,0,0,0
HVX91_S_PLC_SPC_Upload_03.png,461,542,81
HVX91_S_PLC_SPC_Upload_04.png,581,609,28
HVX92_S_PLC_SPC_Full_Upload_01.png,0,0,0
HVX92_S_PLC_SPC_Upload_01.png,558,589,31
HVX92_S_PLC_SPC_Upload_02.png,528,539,11
HVX96_S_PLC_SPC_Full_Upload_01.png,447,485,38
HVX99_S_PLC_SPC_Full_Upload_01.png,544,587,43
HVX99_S_PLC_SPC_Full_Upload_02.png,0,0,0
HVX99_S_PLC_SPC_Upload_01.png,354,557,203
HCX358_S_PLC_SPC_Upload_Clear_01.png,574,693,119
HCX358_S_PLC_SPC_Upload_Clear_02.png,581,624,43
HCX358_S_PLC_SPC_Upload_Clear_03.png,575,598,23
HCX359_S_PLC_SPC_Full_Upload_Clear_01.png,0,0,0
HCX359_S_PLC_SPC_Upload_Clear_02.png,517,603,86
HCX360_S_PLC_SPC_Full_Upload_Clear_01.png,0,0,0
HCX360_S_PLC_SPC_Upload_Clear_01.png,526,563,37
HCX364_S_PLC_SPC_Full_Upload_Clear_01.png,583,610,27
HCX364_S_PLC_SPC_Upload_Clear_01.png,481,624,143
HCX364_S_PLC_SPC_Upload_Clear_02.png,465,490,25
HCX364_S_PLC_SPC_Upload_Clear_03.png,0,0,0
HCX367_S_PLC_SPC_Full_Upload_Clear_01.png,557,591,34
HCX367_S_PLC_SPC_Upload_Clear_01.png,0,0,0
HCX367_S_PLC_SPC_Upload_Clear_02.png,567,600,33
HCX368_S_PLC_SPC_Full_Upload_Clear_01.png,0,0,0
HCX368_S_PLC_SPC_Full_Upload_Clear_02.png,0,0,0
HCX368_S_PLC_SPC_Upload_Clear_01.png,0,0,0
HCX368_S_PLC_SPC_Upload_Clear_02.png,0,0,0
HCX371_S_PLC_SPC_Full_Upload_Clear_01.png,512,596,84
HCX371_S_PLC_SPC_Full_Upload_Clear_02.png,0,0,0
HCX371_S_PLC_SPC_Upload_Clear_01.png,538,635,97
HCX371_S_PLC_SPC_Upload_Clear_02.png,0,0,0
HEX467_S_PLC_SPC_Upload_Clear_02.png,485,607,122
HEX467_S_PLC_SPC_Upload_Clear_03.png,568,642,74
HEX475_S_PLC_SPC_Full_Upload_Clear_01.png,570,614,44
HEX475_S_PLC_SPC_Full_Upload_Clear_02.png,568,592,24
HEX475_S_PLC_SPC_Upload_Clear_01.png,579,623,44
HEX475_S_PLC_SPC_Upload_Clear_02.png,566,642,76
HEX476_S_PLC_SPC_Full_Upload_Clear_01.png,0,0,0
HEX476_S_PLC_SPC_Upload_Clear_01.png,484,596,112
HEX476_S_PLC_SPC_Upload_Clear_02.png,611,646,35
HEX478_S_PLC_SPC_Full_Upload_Clear_01.png,0,0,0
HEX478_S_PLC_SPC_Upload_Clear_01.png,514,546,32
HEX479_S_PLC_SPC_Full_Upload_Clear_01.png,575,620,45
HEX479_S_PLC_SPC_Full_Upload_Clear_02.png,0,0,0
HEX479_S_PLC_SPC_Upload_Clear_01.png,574,612,38
HEX479_S_PLC_SPC_Upload_Clear_02.png,573,616,43
HEX481_S_PLC_SPC_Full_Upload_Clear_01.png,0,0,0
HEX481_S_PLC_SPC_Upload_Clear_01.png,577,631,54
HEX485_S_PLC_SPC_Full_Upload_Clear_01.png,567,611,44
HEX485_S_PLC_SPC_Upload_Clear_01.png,538,595,57
HEX496_S_PLC_SPC_Full_Upload_Clear_01.png,500,561,61
HEX496_S_PLC_SPC_Upload_Clear_01.png,560,611,51
HEX502_S_PLC_SPC_Full_Upload_Clear_01.png,0,0,0
HEX502_S_PLC_SPC_Full_Upload_Clear_02.png,0,0,0
HEX502_S_PLC_SPC_Upload_Clear_01.png,449,541,92
HEX502_S_PLC_SPC_Upload_Clear_02.png,0,0,0
HEX505_S_PLC_SPC_Full_Upload_Clear_01.png,427,518,91
HEX505_S_PLC_SPC_Full_Upload_Clear_03.png,429,455,26
HEX505_S_PLC_SPC_Upload_Clear_01.png,542,645,103
HEX506_S_PLC_SPC_Full_Upload_Clear_01.png,598,645,47
HEX506_S_PLC_SPC_Full_Upload_Clear_02.png,550,590,40
HEX506_S_PLC_SPC_Full_Upload_Clear_03.png,0,0,0
HEX506_S_PLC_SPC_Upload_Clear_01.png,541,619,78
HEX507_S_PLC_SPC_Full_Upload_Clear_01.png,0,0,0
HEX507_S_PLC_SPC_Upload_Clear_01.png,533,579,46
HPX41v_S_PLC_SPC_Full_Upload_Clear_01.png,0,0,0
HPX43_S_PLC_SPC_Full_Upload_Clear_01.png,0,0,0
HPX44_S_PLC_SPC_Full_Upload_Clear_01.png,0,0,0
HPX44_S_PLC_SPC_Upload_Clear_01.png,521,584,63
HUX204_S_PLC_SPC_Full_Upload_Clear_01.png,576,604,28
HUX204_S_PLC_SPC_Upload_Clear_01.png,571,609,38
HUX204_S_PLC_SPC_Upload_Clear_02.png,0,0,0
HUX205_S_PLC_SPC_Full_Upload_Clear_01.png,0,0,0
HUX206_S_PLC_SPC_Full_Upload_Clear_01.png,0,0,0
HUX206_S_PLC_SPC_Upload_Clear_01.png,480,585,105
HUX208_S_PLC_SPC_Full_Upload_Clear_01.png,0,0,0
HUX208_S_PLC_SPC_Upload_Clear_01.png,554,602,48
HUX209_S_PLC_SPC_Full_Upload_Clear_01.png,0,0,0
HUX209_S_PLC_SPC_Full_Upload_Clear_02.png,576,601,25
HUX209_S_PLC_SPC_Upload_Clear_01.png,487,580,93
HUX210_S_PLC_SPC_Full_Upload_Clear_01.png,573,606,33
HUX210_S_PLC_SPC_Full_Upload_Clear_02.png,0,0,0
HUX210_S_PLC_SPC_Upload_Clear_01.png,523,624,101
HUX210_S_PLC_SPC_Upload_Clear_02.png,0,0,0
HUX211_S_PLC_SPC_Full_Upload_Clear_01.png,560,580,20
HUX211_S_PLC_SPC_Upload_Clear_01.png,563,578,15
HUX212_S_PLC_SPC_Full_Upload_Clear_01.png,603,628,25
HUX212_S_PLC_SPC_Full_Upload_Clear_02.png,0,0,0
HUX212_S_PLC_SPC_Upload_Clear_01.png,570,609,39
HUX212_S_PLC_SPC_Upload_Clear_02.png,0,0,0
HUX213_S_PLC_SPC_Full_Upload_Clear_01.png,0,0,0
HUX213_S_PLC_SPC_Full_Upload_Clear_02.png,0,0,0
HUX213_S_PLC_SPC_Upload_Clear_01.png,509,580,71
HUX213_S_PLC_SPC_Upload_Clear_02.png,0,0,0
HUX215_S_PLC_SPC_Full_Upload_Clear_01.png,0,0,0
HUX215_S_PLC_SPC_Full_Upload_Clear_02.png,0,0,0
HUX215_S_PLC_SPC_Upload_Clear_01.png,543,597,54
HUX215_S_PLC_SPC_Upload_Clear_02.png,0,0,0
HVX270_S_PLC_SPC_Full_Upload_Clear_01.png,586,624,38
HVX270_S_PLC_SPC_Full_Upload_Clear_02.png,0,0,0
HVX270_S_PLC_SPC_Upload_Clear_01.png,569,618,49
